C_LOOK REPORT
#  Trac   Sec     Entr      Init    Comp    Wait    Serv   TmInSys
1  79     23      19.6    19.6      259         0     239.4     239.4
8  89      6      78.5     259    290.4     180.5      31.4     211.9
10   9     15     115.3   290.4    531.3     175.1     240.9       416
6  16      6      59.6   531.3    554.5     471.7      23.2     494.9
4  21      5      39.4   554.5    572.5     515.1        18     533.1
9  40     12      88.6   572.5    630.2     483.9      57.7     541.6
3  43     10      32.6   630.2    642.1     597.6      11.9     609.5
2  47     14      27.6   642.1    654.5     614.5      12.4     626.9
7  52     21      74.3   654.5    670.2     580.2      15.7     595.9
5  72     14      41.2   670.2    732.6       629      62.4     691.4
