LOOK REPORT
#  Trac   Sec     Entr      Init    Comp    Wait    Serv   TmInSys
1  79     23      19.6    19.6      259         0     239.4     239.4
8  89      6      78.5     259    290.4     180.5      31.4     211.9
5  72     14      41.2   290.4    342.2     249.2      51.8       301
7  52     21      74.3   342.2    402.9     267.9      60.7     328.6
2  47     14      27.6   402.9    420.3     375.3      17.4     392.7
3  43     10      32.6   420.3      435     387.7      14.7     402.4
9  40     12      88.6     435    444.2     346.4   9.20001     355.6
4  21      5      39.4   444.2    503.6     404.8      59.4     464.2
6  16      6      59.6   503.6    518.7       444      15.1     459.1
10   9     15     115.3   518.7    540.6     403.4      21.9     425.3
