PICK_UP REPORT
#  Trac   Sec     Entr      Init    Comp    Wait    Serv   TmInSys
1  79     23      19.6    19.6      259         0     239.4     239.4
5  72     14      41.2     259    282.2     217.8      23.2       241
7  52     21      74.3   282.2    342.9     207.9      60.7     268.6
2  47     14      27.6   342.9    360.3     315.3      17.4     332.7
3  43     10      32.6   360.3      375     327.7      14.7     342.4
9  40     12      88.6     375    384.2     286.4   9.20001     295.6
4  21      5      39.4   384.2    443.6     344.8      59.4     404.2
6  16      6      59.6   443.6    458.7       384      15.1     399.1
8  89      6      78.5   458.7    680.8     380.2     222.1     602.3
10   9     15     115.3   680.8    921.7     565.5     240.9     806.4
