ST REPORT
#  Trac   Sec     Entr      Init    Comp    Wait    Serv   TmInSys
1  79     23      19.6    19.6      259         0     239.4     239.4
2  47     14      27.6     259    357.2     231.4      98.2     329.6
3  43     10      32.6   357.2    371.9     324.6      14.7     339.3
4  21      5      39.4   371.9    440.5     332.5      68.6     401.1
5  72     14      41.2   440.5    594.4     399.3     153.9     553.2
6  16      6      59.6   594.4    764.7     534.8     170.3     705.1
7  52     21      74.3   764.7    874.2     690.4     109.5     799.9
8  89      6      78.5   874.2    986.8     795.7     112.6     908.3
9  40     12      88.6   986.8   1134.4     898.2     147.6    1045.8
10   9     15     115.3  1134.4   1227.7    1019.1      93.3    1112.4
